[(0.70964296852719999, [{'b': array([ -1.15760092,  -1.36330201,  -1.3306887 ,  -0.92237719,
         0.30561794,  -3.26042433,  -0.44526172,  22.66070238,
         0.74853637,   1.15015312,   1.72428673]), 'w': array([[  2.40687763e-01,   6.89657035e+00,   4.29524462e+00,
          2.31419442e+00,  -8.82186997e+00,  -1.19975107e+00,
         -1.32176304e-01,  -8.35597799e-01,   9.71342044e-01,
          8.99244251e-02,   4.39010298e-04],
       [  3.08858922e-01,   1.68870461e-01,   3.14592686e-01,
          1.50393700e-01,   3.26121895e-01,   3.82427747e-02,
         -2.76180764e-01,   3.68090588e-01,   2.42188791e-01,
         -6.52825748e-01,   8.97885222e-02],
       [  7.54955803e-01,   5.05624985e-01,   2.27161173e+00,
          1.29705350e+00,  -7.82629625e-01,  -7.32707580e-02,
          8.04144303e-01,  -1.34702178e+00,   8.22395353e-01,
         -8.59602842e-01,   1.74070649e-03],
       [ -9.45662149e-02,  -4.43406405e-01,  -2.86805759e+00,
         -3.22182062e+00,  -9.44094348e-01,  -4.17829568e-02,
          7.19311937e-03,  -1.57783088e+00,  -1.54109373e+00,
          7.96721471e-02,  -2.76570989e-03],
       [  4.80626076e-02,   2.98649922e-01,   9.82673392e-02,
          3.01507062e-01,   2.49755951e-01,  -8.33882158e-02,
         -5.74940801e-01,   1.13377715e-01,   2.20468280e-01,
          1.55626720e+00,  -1.81558031e-02],
       [  1.19923267e-03,   2.41884344e-03,   4.40088579e-04,
          2.51714999e-03,   2.19413020e-03,   1.93586389e-02,
         -7.83409290e-07,  -3.82334285e-04,  -8.39269950e-03,
          5.08869200e-07,  -2.79371949e-09],
       [  4.52284367e+00,  -2.42246653e+00,   2.69442627e+00,
         -2.69007648e+00,  -5.00951538e+00,  -3.56082860e+00,
         -4.55274773e-02,   5.05607250e+00,  -6.20058721e-01,
          4.97404064e-02,   9.61185480e-05],
       [  3.03933641e+00,   4.41299941e-01,   3.69120267e+00,
         -8.12416694e+00,   5.27086285e+00,  -1.96871520e+00,
          5.86415286e-03,  -4.15811839e-01,   8.70759003e-01,
         -2.97247713e-02,  -1.28072785e-05],
       [ -8.53651410e-01,  -8.82173077e-01,  -6.10935348e-01,
         -4.55920314e-01,  -3.95437983e-01,  -6.76693504e-01,
         -1.76683607e+00,  -7.63955287e-01,  -6.22915649e-01,
          1.46219409e+00,   5.79549680e-03],
       [ -2.97964895e+00,  -2.25281128e+00,  -2.50697803e+00,
          3.88913857e+00,   1.24786797e+00,  -2.17099750e+00,
         -3.95577912e-02,   1.29008264e+01,  -5.37293749e-01,
         -8.46906658e-04,  -1.50555139e-04],
       [ -4.04046263e-01,  -4.77869734e+00,  -2.50441588e-01,
         -4.79096510e-01,   8.50507674e-02,   1.13238837e+00,
         -2.73515828e-01,  -7.36452064e+00,  -1.13877505e+00,
          4.43762146e-01,   9.59807385e-04]])}, {'b': array([  1.46375811,  -1.18036401,  11.63155494,  -4.3184173 ,   7.26101062]), 'w': array([[ -4.84630429e-01,  -1.54866022e-02,   1.67871785e-02,
         -1.59808581e-02,  -1.37496032e-03,   1.10060709e+00,
          2.33219600e-01,   5.84413379e-02,  -4.96935219e-03,
          4.52035995e-01,   3.22504870e-01],
       [  1.13916410e+01,   1.82724814e-01,   3.44976352e-01,
          1.57768663e-01,   2.91532246e+00,   3.42193912e+00,
         -2.38320435e+00,   1.28813132e+00,  -2.64041445e+00,
          5.88972749e+00,   1.88580141e+00],
       [  5.61532905e+00,   5.93155122e-02,   8.92042499e-02,
          4.90347585e-02,  -5.09644763e-03,   1.40103154e+01,
         -2.09177848e+00,   6.01699414e-01,  -4.27106113e+00,
          8.52409426e-02,  -2.57737201e-01],
       [  1.78739244e+00,   2.33043714e-02,  -2.80885852e-02,
          2.30878649e-02,   1.71086151e-03,   1.10603671e+00,
         -9.24032198e-02,  -9.40228806e-02,   9.92814099e-03,
         -7.09634134e-01,   3.92913218e+00],
       [ -4.99164991e-01,   5.80566767e+00,  -5.68026625e+00,
          2.86571916e+00,   1.51747461e+00,  -9.42343760e+00,
          5.37691024e+00,   1.93568325e+00,   3.72557114e+00,
          4.79516835e+00,   1.27583132e+00]])}, {'b': array([-1.69479047]), 'w': array([[ 4.92518924, -0.38532689,  0.4872346 ,  2.26452566,  0.02540592]])}]), (1.2802882069362678, [{'b': array([ -1.7712704 ,  -3.02048168,  -1.58703656,  -1.13479243,
        -2.34493218,  -0.07612746,   0.37618575,  13.69412697,
         1.12320089,   1.410628  ,  -0.42101668]), 'w': array([[ -1.19844498e+00,   2.32335602e+00,   3.22124251e-01,
          3.87965743e-01,  -2.10083659e+00,   3.33905011e-01,
         -1.24236175e-02,  -3.95737685e-01,  -2.38632903e-02,
          1.23727433e-02,   1.22893791e-05],
       [ -4.94780430e-03,  -4.39408665e-03,  -5.92451174e-03,
         -4.64726037e-03,  -4.53763220e-03,   1.64054682e-02,
         -1.45092462e-06,  -4.17941982e-04,   2.46693933e-02,
          2.44169510e-07,  -1.01197990e-09],
       [  7.81422027e-01,   1.37751965e+00,   1.98648707e+00,
          5.87840904e-01,  -2.04358170e+00,  -2.48340186e+00,
          4.58766713e-01,  -3.69652257e+00,   5.35005424e-01,
         -2.90852818e-01,  -1.34777451e-04],
       [  2.07379416e+00,   3.94448332e+00,  -1.20790653e+00,
         -1.44665614e+00,  -2.83126478e-01,   3.70622721e+00,
          5.79697029e-02,  -5.07945416e+00,   5.95756079e-01,
         -5.92839636e-02,  -2.39549093e-04],
       [  1.62905966e+00,  -6.46966126e-01,  -1.66708430e+00,
         -2.50518879e+00,   2.05703209e+00,   3.35767750e+00,
         -4.64235327e-02,   2.67777658e+00,  -2.05597640e-01,
          6.57993047e-03,   4.22637221e-05],
       [ -9.48862217e-01,  -9.49376072e-01,  -8.42766963e-01,
         -6.70826351e-01,  -2.88254836e-01,  -1.23902799e+00,
          1.28798343e-02,  -3.07122102e-01,  -7.24002586e-01,
          2.18821103e-02,   4.66283754e-06],
       [ -1.57143152e+00,  -1.94346314e+00,   1.66859820e+00,
          1.59486769e+00,   3.38796624e+00,   4.67359785e-01,
          5.26127497e-02,  -2.20398118e+00,   6.61803177e-01,
         -9.06854990e-02,   1.73239880e-03],
       [ -6.52527059e-01,   1.98131241e+00,  -1.79939764e+00,
          1.67358723e+00,  -1.46898041e+00,  -8.91459178e-01,
          3.53777678e-03,   1.66702902e+00,  -5.62179572e-02,
         -6.29095178e-03,  -1.38240113e-06],
       [ -2.26080798e+00,   4.80221476e-01,   5.36414961e-01,
          8.07630173e-01,   1.33773838e+00,   1.25657389e+00,
         -1.05041363e-02,  -1.72102704e+00,   1.69747273e-01,
         -8.61174169e-03,   9.45283985e-05],
       [ -8.00308508e-01,   8.34936097e-01,  -2.09633243e+00,
          2.96092864e+00,  -7.90379517e-01,   6.27036820e-01,
          3.26500484e-04,  -6.44216036e-01,   6.35872730e-03,
         -1.07091679e-03,  -1.17697580e-03],
       [  3.25718038e+00,  -6.41130541e+00,   2.28361960e+00,
          6.69829570e-01,   2.30821044e+00,   2.92932371e+00,
          1.31482426e-02,  -4.94836664e+00,   4.15504390e-01,
         -1.58321580e-02,  -2.51596678e-02]])}, {'b': array([-2.64235945,  3.1250258 , -2.1095222 , -1.04968039,  3.07011784]), 'w': array([[  4.17225221e+00,  -5.13492487e+00,  -3.25853876e-01,
          2.44605037e+00,  -9.89699364e-01,   9.61312547e-01,
         -1.69184023e-01,  -2.61587437e+00,  -1.25064899e+00,
          2.26438398e+00,   3.25712626e-01],
       [  4.27464244e-02,  -2.95783778e+00,  -2.60351846e+00,
         -6.27782329e-01,   1.00952200e+00,   6.13460878e-01,
         -4.45238024e-02,  -2.25207249e+00,   8.44432365e-03,
         -1.02819438e-01,   1.32964445e-01],
       [  9.28427091e-03,  -4.68335803e+00,  -2.88365241e-02,
         -2.12044697e-01,   5.26174713e-01,   2.02340731e+00,
         -9.40135735e-03,   1.53448064e-02,  -1.16014341e-03,
         -4.88593198e-02,   3.38300654e-02],
       [ -4.19760754e-01,  -2.45294591e-01,   8.96137396e-01,
          9.32429295e-01,   7.53794773e-02,   2.74365815e+00,
         -1.73435070e+00,   6.84025164e-01,   2.65601952e+00,
         -1.15559281e+00,   6.95905666e-01],
       [  9.11727799e+00,  -3.33932180e+00,   6.35853533e+00,
         -2.68632458e+00,  -5.28230473e+00,  -1.00131389e+01,
          2.68511446e-01,   1.79813056e+00,   6.11416577e+00,
          2.28287316e-01,  -4.77914045e-01]])}, {'b': array([-0.08089822]), 'w': array([[-0.06102071,  2.20132538, -3.26016161, -0.03107067,  0.52004174]])}]), (10.16294123969733, [{'b': array([-1.60284912, -1.22486186, -1.07817036,  1.00587229,  0.42117293,
       -0.2709915 ,  0.34329996,  0.86288422,  1.00920783,  1.21417516,
        1.66273779]), 'w': array([[  1.57998479e-02,  -1.44156707e-02,   2.15223905e-02,
         -2.69030343e-02,   1.07801682e-02,   1.55950577e-02,
         -4.38756648e-04,  -3.24434082e-02,  -2.15237629e-02,
          8.51519590e-05,   2.54750400e-04],
       [  3.29983148e-02,  -3.32888139e-02,  -2.15177203e-02,
         -1.55504287e-02,   1.30571824e-02,  -2.90003942e-02,
         -1.50270999e-04,   1.50832275e-02,  -2.56205463e-03,
         -4.13968071e-06,  -2.74962384e-05],
       [  4.08976917e-02,  -3.52104574e-02,   8.79333451e-03,
         -4.06507738e-03,   9.93246331e-03,  -1.87287488e-02,
         -3.37411771e-04,   1.42808442e-02,  -9.17400531e-03,
         -3.98672683e-04,  -2.38875624e-05],
       [ -5.90469481e-03,   1.43545878e-02,   1.36084345e-02,
         -1.87119273e-02,  -6.07343554e-03,  -3.15310840e-02,
         -1.14039220e-05,  -1.39861969e-02,  -2.52287509e-02,
         -1.59877115e-04,  -2.96371390e-05],
       [ -1.11245875e-02,   6.34154545e-03,   3.16277938e-02,
         -3.49166160e-02,  -1.60013823e-02,  -1.81493917e-02,
          9.26208342e-05,   3.15088985e-02,  -7.72293579e-03,
          2.54712840e-04,   2.23349120e-05],
       [  2.48542269e-02,   3.38383749e-02,  -2.93015362e-02,
          4.02436055e-03,   5.72534692e-03,  -1.28052749e-02,
          3.90033246e-05,   3.98061969e-02,  -2.56509535e-03,
          3.46816036e-05,  -7.86993971e-06],
       [  1.06716485e-02,  -4.61693490e-02,  -1.80785623e-02,
          6.15366597e-04,   1.39263768e-02,   6.89375802e-03,
         -4.02955177e-04,   3.77310075e-02,  -7.85015962e-03,
          4.47345527e-04,   1.59963178e-06],
       [  2.43502175e-02,  -2.91322512e-02,  -1.74902979e-02,
          1.71618619e-02,   3.21103536e-02,  -3.07106345e-02,
         -2.86322444e-05,  -2.72711923e-02,  -1.05400395e-02,
          9.73219421e-05,   4.67361315e-06],
       [  3.44219606e-03,   1.98975275e-02,  -3.17623925e-02,
         -2.70389567e-02,   4.38301993e-03,   2.36060194e-02,
          4.61644385e-04,  -1.52662663e-02,   2.90093891e-02,
         -6.23316033e-04,   9.91672786e-06],
       [  1.61502731e-02,  -1.36963213e-02,  -1.92570918e-02,
          3.41892082e-02,   2.33948176e-02,  -2.96233741e-02,
          6.08408570e-05,   3.56950577e-04,   3.11373854e-02,
          9.77694341e-06,  -6.25099645e-06],
       [  2.77806147e-02,   2.50108278e-02,  -1.01365694e-02,
         -2.08330285e-02,   3.02524142e-02,   3.53867108e-03,
          9.20253738e-05,  -3.08087999e-02,  -1.27172527e-02,
         -3.81893332e-04,   2.85869252e-07]])}, {'b': array([-1.59254343, -0.87167632, -0.03564664,  0.72325006,  1.60179354]), 'w': array([[-0.02801606, -0.0280375 ,  0.02121598, -0.02803756, -0.006416  ,
         0.02793746, -0.02471965, -0.02511319,  0.01945023,  0.02803671,
         0.02384044],
       [ 0.06155747,  0.06138547, -0.04680004,  0.0613856 ,  0.01429926,
        -0.06116607,  0.05418943,  0.0550538 , -0.04256514, -0.06138372,
        -0.0522741 ],
       [ 0.03567119,  0.03564646, -0.0270981 ,  0.03564653,  0.00824646,
        -0.03551909,  0.03149333,  0.03196229, -0.02475501, -0.03564544,
        -0.0303703 ],
       [ 0.08688197,  0.08704003, -0.06605529,  0.08704022,  0.0200491 ,
        -0.08672903,  0.07721416,  0.0781238 , -0.06067934, -0.08703756,
        -0.07439654],
       [ 0.01878194,  0.01878745, -0.01418024,  0.01878749,  0.00427504,
        -0.01872048,  0.01647392,  0.01679328, -0.01298408, -0.01878691,
        -0.01589932]])}, {'b': array([-0.21734727]), 'w': array([[-0.68756357,  0.65831604,  0.16394417,  0.58023689,  0.39373306]])}]), (11.650371755108489, [{'b': array([ 1.87489016, -1.21710395,  1.30318738, -1.26064693,  0.62660012,
        0.14342433, -0.31802819, -0.27128539, -0.68676306,  1.586883  ,
       -1.21577884]), 'w': array([[ -1.49834397e-02,  -3.88399155e-02,   1.24024199e-03,
         -7.94787238e-03,   3.47822506e-02,   3.51546589e-03,
          3.81446717e-05,  -1.16653333e-02,   2.25161133e-03,
         -1.39307353e-04,  -4.54804756e-05],
       [  3.18561372e-02,  -2.89526076e-02,  -5.46249793e-04,
         -2.85858227e-02,  -1.17491271e-03,  -3.42069713e-02,
          9.79491006e-05,   2.09716612e-02,  -2.40534240e-03,
          1.38786018e-04,   3.79265424e-06],
       [ -8.97383918e-03,   5.73836655e-04,   2.49585454e-02,
         -3.03343778e-02,   7.97957070e-03,  -9.26078333e-03,
         -2.92159150e-04,  -1.56847316e-02,  -3.25351395e-02,
          6.64329196e-04,   3.25145092e-07],
       [  2.92644173e-02,   3.40793286e-02,   2.01904244e-02,
          4.42903145e-03,  -1.32645877e-02,   2.53570201e-02,
          4.29378057e-05,   1.53072444e-02,   1.93399568e-02,
         -1.41060823e-04,   3.12000097e-07],
       [ -3.14921017e-02,  -1.08783569e-02,  -3.22785293e-02,
          3.72078343e-03,   1.12005901e-02,   3.65665324e-02,
         -7.91640318e-05,  -1.19236225e-02,  -3.10816285e-02,
         -1.83114168e-04,  -6.63661963e-04],
       [ -2.98454875e-02,  -1.22450341e-02,   3.10136605e-02,
         -6.39069787e-03,   2.86176210e-03,   2.40788632e-03,
         -2.01760297e-04,   1.56827399e-03,  -2.37210640e-02,
          5.29178492e-04,  -8.34412757e-08],
       [  3.65792007e-03,   2.49491447e-02,   2.26433462e-02,
          1.64517631e-02,   3.00720495e-02,   1.08570879e-02,
          1.31152844e-04,   2.58242475e-02,   2.41356645e-02,
          3.07072274e-05,   1.75250862e-07],
       [ -3.47842488e-02,  -2.49919037e-02,   1.41517483e-02,
          1.80538664e-02,  -3.66514748e-02,  -8.59015715e-03,
          3.01862141e-05,  -5.67705297e-03,  -2.31007498e-02,
         -1.11017584e-04,  -2.19599175e-08],
       [ -2.66662056e-02,  -2.77157088e-02,   5.31949483e-03,
         -1.43576259e-03,   3.23278780e-02,  -2.24353260e-02,
          5.44805289e-05,  -2.40894321e-02,  -2.01092354e-02,
         -3.55009358e-05,  -4.54662293e-06],
       [  7.33360876e-03,   2.83567740e-02,  -3.15522719e-02,
          3.98434883e-03,  -8.03394329e-03,  -2.89360985e-02,
         -2.36534902e-04,  -2.84412316e-02,   1.18549804e-02,
          3.22964993e-04,   9.90053752e-07],
       [ -1.69959079e-02,  -2.81502409e-02,  -8.84020765e-03,
         -2.73896550e-02,  -1.19736943e-02,  -2.63710792e-02,
          1.04166001e-04,   1.95970620e-02,  -2.64773258e-02,
         -1.29051406e-04,  -3.76031155e-08]])}, {'b': array([-1.6107851 , -0.79356933,  0.05456311,  0.83351846,  1.61234607]), 'w': array([[-0.00742524, -0.00978801, -0.00919607,  0.00979598, -0.00979438,
        -0.0097717 ,  0.00979598, -0.00979598, -0.00979597, -0.00978913,
        -0.00979598],
       [-0.01267543, -0.01670753, -0.01568633,  0.01672121, -0.01671849,
        -0.01667961,  0.01672121, -0.01672121, -0.0167212 , -0.0167094 ,
        -0.01672121],
       [-0.04137819, -0.05451786, -0.05093839,  0.05456311, -0.05455429,
        -0.05441969,  0.05456311, -0.05456311, -0.05456307, -0.05452519,
        -0.05456311],
       [-0.01761416, -0.02320876, -0.0216977 ,  0.02322792, -0.02322415,
        -0.02316742,  0.02322792, -0.02322792, -0.0232279 , -0.02321184,
        -0.02322792],
       [ 0.00624257,  0.00822828,  0.00772396, -0.00823501,  0.00823367,
         0.00821446, -0.00823501,  0.00823501,  0.008235  ,  0.00822922,
         0.00823501]])}, {'b': array([-0.08287954]), 'w': array([[-0.73929129, -0.31036924, -0.65732179, -0.56315769,  0.60908222]])}]), (13.239422934390873, [{'b': array([-1.68178959, -1.79333309, -0.8298041 ,  0.93981346,  0.38561056,
        0.62897221,  0.67923798, -0.4960196 , -0.44018804,  1.16017211,
        2.05427487]), 'w': array([[  1.91153242e-02,   5.02159252e-03,  -2.37279394e-02,
          1.56567801e-04,   9.35831566e-03,  -3.33469356e-02,
         -4.45892905e-03,   2.48987594e-02,  -1.69441607e-02,
          4.92002023e-03,  -3.23801960e-06],
       [  5.28894136e-03,   1.46167401e-02,   3.89461145e-02,
          1.55580639e-02,   1.39032502e-02,   3.18002480e-02,
          2.97056735e-05,  -4.16769758e-02,   1.91577512e-02,
          4.29111624e-05,   1.61039111e-04],
       [  2.00625389e-02,  -1.12263124e-02,   1.55679112e-02,
         -2.49324178e-02,  -3.11415892e-02,  -6.49795276e-03,
         -1.38860285e-04,  -2.45557160e-02,   1.22285629e-02,
         -1.12965767e-04,  -1.62840472e-05],
       [ -1.30304497e-02,  -1.48656453e-03,   3.83781768e-03,
         -1.97900803e-02,  -3.10590905e-02,  -1.00681961e-02,
         -1.76576682e-04,   3.22458519e-02,  -2.00666573e-02,
         -9.86954071e-05,  -1.37079847e-04],
       [ -1.39327302e-02,  -2.30198707e-02,   2.83130707e-02,
          3.55438864e-02,  -1.45751284e-02,  -3.46378727e-02,
         -5.17103213e-03,   8.20607726e-04,   1.27621186e-02,
          9.23638585e-03,   2.26892484e-04],
       [ -3.16505011e-02,  -2.11459618e-02,  -2.19115192e-02,
         -2.96466839e-02,   1.79838123e-02,  -1.25712218e-02,
         -4.09732761e-05,  -2.28524364e-02,  -2.80669774e-02,
          8.48769923e-05,  -1.71164683e-07],
       [  5.07978078e-03,   1.76840998e-02,  -4.49507247e-02,
          9.03589668e-03,   1.58242555e-02,  -1.66767217e-02,
         -3.43296351e-05,  -3.03951229e-02,  -3.36058400e-02,
         -9.19052173e-05,  -9.83781738e-05],
       [ -2.17485892e-02,  -3.56718997e-02,   1.70996094e-02,
         -2.71266729e-03,   5.31629019e-03,  -7.07988591e-03,
         -1.03017633e-03,   2.91386839e-02,  -3.34354483e-02,
         -8.98422961e-04,  -8.12014751e-03],
       [ -2.98190838e-02,  -2.72198763e-02,  -2.50412156e-02,
         -1.31458278e-03,  -1.43370729e-03,  -6.95045848e-03,
          2.35414169e-05,  -2.54927638e-02,  -2.65278655e-02,
         -1.19413157e-04,   1.87951207e-07],
       [  1.08453676e-02,  -1.06445327e-03,   6.31468429e-03,
         -3.82082153e-03,   3.87063523e-02,   2.49227399e-02,
         -6.07100140e-05,  -2.35227943e-02,   4.26938363e-03,
          1.96559615e-04,   1.41678343e-04],
       [  1.20114442e-02,   2.81779759e-02,   6.87745566e-03,
         -1.19967732e-02,  -2.85863943e-02,  -3.75696073e-02,
         -6.84899381e-04,  -1.44680848e-03,  -4.23541431e-02,
         -4.90572367e-04,  -5.18641013e-03]])}, {'b': array([ 1.62539685, -0.78107918,  0.01055988, -0.81426226, -1.61070222]), 'w': array([[-0.00052684,  0.00481574, -0.00481577, -0.00481575, -0.00459803,
        -0.00481578, -0.00481576, -0.00481383, -0.00481578,  0.00481575,
        -0.00481467],
       [-0.00356828,  0.02921113, -0.02921134, -0.0292112 , -0.02819472,
        -0.02921136, -0.02921122, -0.02919919, -0.02921136,  0.02921115,
        -0.02920444],
       [-0.00112796,  0.0105598 , -0.01055987, -0.01055982, -0.01005333,
        -0.01055988, -0.01055983, -0.01055562, -0.01055988,  0.01055981,
        -0.01055746],
       [ 0.0004995 , -0.00397169,  0.00397172,  0.0039717 ,  0.00385563,
         0.00397172,  0.00397171,  0.00397006,  0.00397172, -0.0039717 ,
         0.00397078],
       [-0.00111599,  0.00987879, -0.00987885, -0.00987881, -0.00945405,
        -0.00987886, -0.00987882, -0.00987483, -0.00987886,  0.00987879,
        -0.00987657]])}, {'b': array([-0.06695019]), 'w': array([[-0.55886646, -0.75147576, -0.1575346 ,  0.15342289, -0.95875718]])}]), (13.321021067689182, [{'b': array([ 2.08380734, -1.73521882, -1.07417579, -0.87798717,  0.7869442 ,
        0.42814441, -0.35747304, -0.58617694, -1.14313448, -1.7390767 ,
       -1.66759809]), 'w': array([[ -7.24626035e-03,   8.32024918e-03,  -3.28972612e-02,
         -1.40057758e-02,  -1.70449329e-02,   1.21891476e-02,
         -9.02960667e-06,  -4.01607670e-02,   1.01317698e-02,
         -1.00921264e-04,   9.31256072e-07],
       [  3.23311360e-02,   2.08256821e-02,   3.08661385e-02,
          2.77370778e-02,  -2.51262197e-02,  -1.91100035e-02,
          2.84749879e-04,  -8.29923117e-03,   2.31144498e-02,
          9.51500478e-05,  -3.44796786e-06],
       [  2.43364088e-02,  -1.07453947e-02,  -7.61644736e-03,
          1.60399325e-02,  -2.52013641e-02,  -2.82839528e-02,
          1.70330688e-05,   2.12389503e-02,   1.64224907e-02,
          2.37687080e-04,  -1.30503653e-04],
       [  1.24163612e-02,   4.81658075e-03,   3.21286752e-02,
          1.89488728e-02,  -2.70202694e-02,   1.86884284e-02,
          1.59886048e-05,  -3.36508174e-02,   1.84936955e-02,
         -5.66902618e-04,  -5.93781489e-05],
       [ -3.26529534e-02,  -8.03285387e-04,   1.65502268e-02,
         -1.58249457e-02,  -3.29936507e-02,  -1.52720950e-02,
          6.30986979e-05,  -2.09518524e-02,  -2.41656128e-03,
         -1.45170909e-04,   3.17953958e-07],
       [  4.73078750e-03,  -2.07572889e-02,  -3.62964208e-02,
         -1.10211087e-02,   1.83930900e-02,  -1.45022154e-02,
         -2.36307090e-05,  -3.47932571e-03,  -3.94423656e-02,
          4.27576757e-05,   1.64931831e-07],
       [ -2.41748409e-02,  -1.54328065e-02,   2.46633130e-02,
          1.48557906e-02,   1.11031249e-02,  -2.32093668e-02,
          2.84433758e-04,   2.95165428e-03,   1.13855260e-02,
         -3.02173872e-04,  -1.95554260e-04],
       [ -8.92096489e-03,  -5.22533414e-04,  -1.89002824e-02,
         -2.88373885e-03,  -4.45108919e-02,   4.05532075e-02,
          2.20356818e-04,  -7.21189152e-03,   1.61053109e-02,
          3.39959637e-05,   1.18408539e-04],
       [ -2.72277053e-02,  -1.04919967e-03,  -1.81800984e-02,
         -6.53536097e-03,   6.64221837e-03,   4.18940356e-02,
          3.26632369e-04,   8.13843999e-03,   1.96650705e-02,
          3.67250172e-04,   1.56712286e-04],
       [ -3.45422051e-03,   3.09820524e-02,   1.28443522e-02,
         -8.56924181e-04,   2.28588999e-02,  -1.98308337e-02,
         -1.64358477e-04,   3.29433132e-02,   6.24555889e-03,
          1.13915500e-04,   8.42220677e-07],
       [ -2.19218206e-02,  -3.05508877e-03,  -4.04789001e-02,
          8.65209754e-03,   1.97655448e-02,  -1.63594825e-02,
          3.24255300e-04,   3.45347600e-02,  -1.63829357e-04,
          3.80716278e-05,  -8.16600374e-07]])}, {'b': array([-1.5568784 ,  0.60557753, -0.28097015,  0.63098786,  1.55082731]), 'w': array([[-0.06369685,  0.06370182, -0.01457214,  0.06346371, -0.06370268,
        -0.06370267, -0.05979556, -0.06066721, -0.04769934,  0.06369989,
        -0.05975328],
       [ 0.20469426, -0.20470973,  0.04682815, -0.20394841,  0.204713  ,
         0.20471299,  0.19215719,  0.19496026,  0.15328689, -0.20470404,
         0.19202323],
       [ 0.28094439, -0.28096427,  0.06427278, -0.27991731,  0.28097014,
         0.28097012,  0.26373789,  0.26758506,  0.2103883 , -0.28095783,
         0.2635542 ],
       [ 0.17928626, -0.17930014,  0.04101597, -0.17863099,  0.17930267,
         0.17930266,  0.16830535,  0.17075951,  0.13425907, -0.17929482,
         0.1681871 ],
       [ 0.06974738, -0.06975275,  0.0159562 , -0.06949259,  0.06975376,
         0.06975376,  0.06547551,  0.06643005,  0.05223032, -0.06975071,
         0.06542929]])}, {'b': array([ 0.61751723]), 'w': array([[ 0.1408313 , -0.18757591, -0.45498303, -0.11295418, -0.20845305]])}]), (27.391371360518662, [{'b': array([-1.30750431,  1.12966491, -0.66443338,  0.4553171 , -0.43563881,
        0.04491696,  0.38273461,  0.45570046, -0.62914494,  1.3059866 ,
        1.76809792]), 'w': array([[  7.38050721e-03,  -3.14931813e-02,  -2.23976526e-02,
          2.67448721e-02,  -7.82895784e-03,  -3.05674852e-02,
          2.85210780e-05,  -2.69189938e-02,  -1.77293070e-02,
         -8.98042578e-05,   1.53369828e-07],
       [ -1.83248279e-02,   2.71991144e-02,   3.74639045e-02,
         -2.84009619e-03,   6.37918314e-04,   1.78546222e-02,
         -1.30488001e-04,  -1.13999203e-02,   1.30419201e-02,
         -1.21447928e-04,   1.48409064e-07],
       [  1.96036617e-02,  -3.51285690e-03,  -3.12105612e-02,
         -2.63810429e-02,  -2.18636229e-02,  -1.16249331e-02,
         -9.01710937e-05,  -3.11752470e-02,   1.62278100e-02,
         -1.29312399e-04,  -7.18148951e-08],
       [ -2.55782948e-02,  -1.00897258e-02,   2.79450138e-02,
          2.63729433e-02,   2.80364257e-02,   2.67468569e-02,
         -8.03661740e-05,  -2.70695858e-02,   1.24559120e-02,
          8.21376048e-05,  -3.38239162e-08],
       [  3.40168115e-02,  -4.69026144e-03,  -2.35717970e-02,
         -8.81203193e-05,  -2.68537780e-02,   3.41947454e-03,
         -1.29934907e-04,   1.00537268e-02,   2.81905249e-02,
          6.12090092e-05,  -1.92113784e-07],
       [  2.14989601e-02,   7.50973483e-03,  -3.57638861e-02,
          8.10409616e-03,  -2.43746868e-02,  -5.19077732e-03,
         -1.34362723e-04,   3.29440071e-02,  -1.66690105e-02,
          6.95640365e-05,   1.21254124e-07],
       [  1.04845633e-03,  -2.13543237e-02,  -2.88560573e-02,
         -1.97478310e-02,   1.38131246e-02,   1.01712097e-02,
          3.79107890e-05,   2.23894902e-02,   1.33675247e-02,
         -1.38428305e-04,   2.54342347e-07],
       [  1.34990179e-02,   2.21134707e-02,  -9.98903473e-03,
         -1.97412918e-02,   2.84885378e-02,   2.41848228e-02,
         -1.16180129e-04,   2.41294278e-02,  -2.56465716e-02,
         -9.85144614e-05,  -1.17355418e-07],
       [ -9.06461681e-03,  -5.57389469e-03,   1.44638363e-02,
         -1.57921731e-02,  -2.50035955e-02,  -2.52229391e-02,
         -2.96791471e-05,  -3.96682634e-02,   7.82296045e-03,
         -1.69366315e-04,   1.16301382e-07],
       [  3.34461009e-02,  -3.16903470e-02,   6.79248090e-03,
          1.03305153e-03,   2.08648987e-02,   1.39062073e-02,
          4.99934711e-05,  -3.54010386e-02,   1.31307064e-02,
          5.65648037e-05,   1.89227615e-07],
       [  3.15459315e-03,   1.19696038e-02,   1.41785731e-02,
          2.61729707e-02,  -3.22507338e-02,   1.83625868e-02,
         -1.43494782e-04,  -2.00368989e-02,  -2.70699868e-02,
          2.51256898e-05,  -1.71384741e-07]])}, {'b': array([   7.17151337, -271.45749759,  -58.55036007,    4.4678516 ,
         73.63957529]), 'w': array([[  -5.55093229,    5.54785456,   -5.55093229,    5.5508127 ,
           3.21363465,   -5.21600135,   -5.05870917,    5.53329572,
          -5.55093229,    5.55005009,   -1.52348267],
       [ 272.26778792, -272.11682852,  272.26778797, -272.26192226,
        -157.62562974,  255.83975379,  248.12472619, -271.4027316 ,
         272.26778803, -272.22451677,   74.72533172],
       [  58.55036002,  -58.51789666,   58.55036003,  -58.54909863,
         -33.89691245,   55.01756123,   53.358468  ,  -58.36433229,
          58.55036005,  -58.54105469,   16.0694554 ],
       [  -3.65756106,    3.65553311,   -3.65756106,    3.65748226,
           2.11749384,   -3.43687194,   -3.33323065,    3.64594016,
          -3.65756106,    3.65697977,   -1.00383694],
       [ -75.26015631,   75.21842817,  -75.26015632,   75.25853492,
          43.57081542,  -70.71912548,  -68.58654055,   75.02103777,
         -75.26015634,   75.24819531,  -20.6555472 ]])}, {'b': array([ 514.30563636]), 'w': array([[  4.75657257e+02,   3.43496437e+02,  -1.13843512e-01,
          3.44469356e+02,  -4.74572984e+02]])}]), (1000, None), (1000, None), (1000, None)]