0.438744257274

17.5365391552

[{'b': array([ 2.21729005, -1.19792569, -1.28729556,  0.68221532, -0.39018044,
        0.13155451,  0.1301381 , -0.7405716 ,  1.26227076]), 'w': array([[  2.35746167e+00,   2.41838396e+00,   2.36387312e+00,
          2.39167564e+00,   2.38815924e+00,  -6.69500625e+00,
          2.40931996e+00,   2.36100230e+00,   2.34398797e+00],
       [ -4.48143952e+00,  -4.46959440e+00,  -4.47059000e+00,
         -4.51369005e+00,  -4.52271730e+00,  -5.12007249e+00,
         -4.47851388e+00,  -4.53886996e+00,  -4.52537831e+00],
       [  2.49276268e+00,   2.53131894e+00,   2.47522324e+00,
          2.53386446e+00,   2.47890724e+00,   6.68046959e+00,
          2.49935786e+00,   2.49159923e+00,   2.46429023e+00],
       [  1.03270284e+00,   1.06892498e+00,   1.02593839e+00,
          9.90787714e-01,   1.02369272e+00,  -3.15951243e+00,
          1.02585930e+00,   1.08437102e+00,   1.04149883e+00],
       [ -1.53987998e+00,  -1.58995471e+00,  -1.60089345e+00,
         -1.57910926e+00,  -1.56565789e+00,   8.94049055e+00,
         -1.59738744e+00,  -1.54638345e+00,  -1.53834770e+00],
       [ -4.68982571e-02,  -3.70216540e-02,   6.30681856e-03,
         -5.25627130e-02,  -3.78026437e-02,  -3.97812103e+00,
          1.53098595e-02,  -1.63323593e-02,  -1.96478804e-02],
       [  1.37403370e-02,   1.97329072e-02,   3.84766793e-03,
         -3.68800092e-02,   9.33153651e-03,   8.97426775e+00,
          1.63980942e-03,   2.71599193e-02,  -3.29288365e-02],
       [ -3.54685511e-02,  -1.88908727e-02,  -2.13954951e-02,
         -1.62539859e-04,   1.31917825e-02,  -3.75882252e+00,
          3.01510342e-02,  -3.52049600e-02,  -3.26008951e-02],
       [ -2.52476436e-01,  -2.27575269e-01,  -2.68064289e-01,
         -3.02091696e-01,  -2.78037236e-01,   1.00148386e+01,
         -2.74506192e-01,  -2.64065852e-01,  -2.28786832e-01]])}, {'b': array([-1.61083792,  0.80135463, -0.06598661,  0.79946953, -1.72681187]), 'w': array([[ 0.08247014, -0.89522068, -0.09835024,  1.00617709, -0.16482563,
        -1.01747809, -0.26507615,  0.30747716,  0.1109444 ],
       [-0.15126295, -0.76371582,  0.15134159,  0.43719804,  0.99312236,
         0.37442769,  0.26650056,  0.31530498,  0.8625217 ],
       [-0.35681601, -0.38736239, -0.95314609,  0.184114  ,  0.58042216,
        -0.72444099, -0.21756701, -0.07976336,  0.75317144],
       [ 0.37085187,  0.80357365,  0.06569563, -0.65766889,  0.89477472,
         0.07966194, -0.70307689,  0.52508335, -0.28632493],
       [-0.0063064 ,  0.34084858, -0.40986155, -0.10178591,  0.13874414,
        -0.26870599,  1.33853327,  0.1443934 ,  0.5625369 ]])}, {'b': array([-0.26919578]), 'w': array([[-0.22603457,  0.05848629, -0.59039934, -0.18373669, -0.42310002]])}]

